solid OpenSCAD_Model
  facet normal 0.850651 -7.23206e-08 0.525731
    outer loop
      vertex 0.5 0 1.30902
      vertex 1.30902 0.5 0
      vertex 0.809017 0.809017 0.809017
    endloop
  endfacet
  facet normal 0.850651 0 0.525731
    outer loop
      vertex 0.5 0 1.30902
      vertex 1.30902 -0.5 0
      vertex 1.30902 0.5 0
    endloop
  endfacet
  facet normal 0.850651 7.23206e-08 0.525731
    outer loop
      vertex 1.30902 -0.5 0
      vertex 0.5 0 1.30902
      vertex 0.809017 -0.809017 0.809017
    endloop
  endfacet
  facet normal 0.525731 0.850651 -7.23206e-08
    outer loop
      vertex 1.30902 0.5 0
      vertex 0 1.30902 0.5
      vertex 0.809017 0.809017 0.809017
    endloop
  endfacet
  facet normal 0.525731 0.850651 0
    outer loop
      vertex 1.30902 0.5 0
      vertex 0 1.30902 -0.5
      vertex 0 1.30902 0.5
    endloop
  endfacet
  facet normal 0.525731 0.850651 7.23206e-08
    outer loop
      vertex 0 1.30902 -0.5
      vertex 1.30902 0.5 0
      vertex 0.809017 0.809017 -0.809017
    endloop
  endfacet
  facet normal -0.525731 0.850651 -7.23206e-08
    outer loop
      vertex 0 1.30902 0.5
      vertex -1.30902 0.5 0
      vertex -0.809017 0.809017 0.809017
    endloop
  endfacet
  facet normal -0.525731 0.850651 0
    outer loop
      vertex 0 1.30902 -0.5
      vertex -1.30902 0.5 0
      vertex 0 1.30902 0.5
    endloop
  endfacet
  facet normal -0.525731 0.850651 7.23206e-08
    outer loop
      vertex -1.30902 0.5 0
      vertex 0 1.30902 -0.5
      vertex -0.809017 0.809017 -0.809017
    endloop
  endfacet
  facet normal -0.850651 -7.23206e-08 0.525731
    outer loop
      vertex -1.30902 0.5 0
      vertex -0.5 0 1.30902
      vertex -0.809017 0.809017 0.809017
    endloop
  endfacet
  facet normal -0.850651 0 0.525731
    outer loop
      vertex -1.30902 -0.5 0
      vertex -0.5 0 1.30902
      vertex -1.30902 0.5 0
    endloop
  endfacet
  facet normal -0.850651 7.23206e-08 0.525731
    outer loop
      vertex -0.5 0 1.30902
      vertex -1.30902 -0.5 0
      vertex -0.809017 -0.809017 0.809017
    endloop
  endfacet
  facet normal -7.23206e-08 -0.525731 0.850651
    outer loop
      vertex 0.5 0 1.30902
      vertex 0 -1.30902 0.5
      vertex 0.809017 -0.809017 0.809017
    endloop
  endfacet
  facet normal 0 -0.525731 0.850651
    outer loop
      vertex -0.5 0 1.30902
      vertex 0 -1.30902 0.5
      vertex 0.5 0 1.30902
    endloop
  endfacet
  facet normal 7.23206e-08 -0.525731 0.850651
    outer loop
      vertex 0 -1.30902 0.5
      vertex -0.5 0 1.30902
      vertex -0.809017 -0.809017 0.809017
    endloop
  endfacet
  facet normal -7.23206e-08 0.525731 0.850651
    outer loop
      vertex 0 1.30902 0.5
      vertex 0.5 0 1.30902
      vertex 0.809017 0.809017 0.809017
    endloop
  endfacet
  facet normal 0 0.525731 0.850651
    outer loop
      vertex 0 1.30902 0.5
      vertex -0.5 0 1.30902
      vertex 0.5 0 1.30902
    endloop
  endfacet
  facet normal 7.23206e-08 0.525731 0.850651
    outer loop
      vertex -0.5 0 1.30902
      vertex 0 1.30902 0.5
      vertex -0.809017 0.809017 0.809017
    endloop
  endfacet
  facet normal -7.23206e-08 0.525731 -0.850651
    outer loop
      vertex 0.5 0 -1.30902
      vertex 0 1.30902 -0.5
      vertex 0.809017 0.809017 -0.809017
    endloop
  endfacet
  facet normal 0 0.525731 -0.850651
    outer loop
      vertex -0.5 0 -1.30902
      vertex 0 1.30902 -0.5
      vertex 0.5 0 -1.30902
    endloop
  endfacet
  facet normal 7.23206e-08 0.525731 -0.850651
    outer loop
      vertex 0 1.30902 -0.5
      vertex -0.5 0 -1.30902
      vertex -0.809017 0.809017 -0.809017
    endloop
  endfacet
  facet normal 0.850651 -7.23206e-08 -0.525731
    outer loop
      vertex 1.30902 0.5 0
      vertex 0.5 0 -1.30902
      vertex 0.809017 0.809017 -0.809017
    endloop
  endfacet
  facet normal 0.850651 0 -0.525731
    outer loop
      vertex 1.30902 -0.5 0
      vertex 0.5 0 -1.30902
      vertex 1.30902 0.5 0
    endloop
  endfacet
  facet normal 0.850651 7.23206e-08 -0.525731
    outer loop
      vertex 0.5 0 -1.30902
      vertex 1.30902 -0.5 0
      vertex 0.809017 -0.809017 -0.809017
    endloop
  endfacet
  facet normal 0.525731 -0.850651 -7.23206e-08
    outer loop
      vertex 0 -1.30902 0.5
      vertex 1.30902 -0.5 0
      vertex 0.809017 -0.809017 0.809017
    endloop
  endfacet
  facet normal 0.525731 -0.850651 0
    outer loop
      vertex 0 -1.30902 -0.5
      vertex 1.30902 -0.5 0
      vertex 0 -1.30902 0.5
    endloop
  endfacet
  facet normal 0.525731 -0.850651 7.23206e-08
    outer loop
      vertex 1.30902 -0.5 0
      vertex 0 -1.30902 -0.5
      vertex 0.809017 -0.809017 -0.809017
    endloop
  endfacet
  facet normal -0.525731 -0.850651 -7.23206e-08
    outer loop
      vertex -1.30902 -0.5 0
      vertex 0 -1.30902 0.5
      vertex -0.809017 -0.809017 0.809017
    endloop
  endfacet
  facet normal -0.525731 -0.850651 0
    outer loop
      vertex -1.30902 -0.5 0
      vertex 0 -1.30902 -0.5
      vertex 0 -1.30902 0.5
    endloop
  endfacet
  facet normal -0.525731 -0.850651 7.23206e-08
    outer loop
      vertex 0 -1.30902 -0.5
      vertex -1.30902 -0.5 0
      vertex -0.809017 -0.809017 -0.809017
    endloop
  endfacet
  facet normal -0.850651 -7.23206e-08 -0.525731
    outer loop
      vertex -0.5 0 -1.30902
      vertex -1.30902 0.5 0
      vertex -0.809017 0.809017 -0.809017
    endloop
  endfacet
  facet normal -0.850651 0 -0.525731
    outer loop
      vertex -0.5 0 -1.30902
      vertex -1.30902 -0.5 0
      vertex -1.30902 0.5 0
    endloop
  endfacet
  facet normal -0.850651 7.23206e-08 -0.525731
    outer loop
      vertex -1.30902 -0.5 0
      vertex -0.5 0 -1.30902
      vertex -0.809017 -0.809017 -0.809017
    endloop
  endfacet
  facet normal -7.23206e-08 -0.525731 -0.850651
    outer loop
      vertex 0 -1.30902 -0.5
      vertex 0.5 0 -1.30902
      vertex 0.809017 -0.809017 -0.809017
    endloop
  endfacet
  facet normal 0 -0.525731 -0.850651
    outer loop
      vertex 0 -1.30902 -0.5
      vertex -0.5 0 -1.30902
      vertex 0.5 0 -1.30902
    endloop
  endfacet
  facet normal 7.23206e-08 -0.525731 -0.850651
    outer loop
      vertex -0.5 0 -1.30902
      vertex 0 -1.30902 -0.5
      vertex -0.809017 -0.809017 -0.809017
    endloop
  endfacet
endsolid OpenSCAD_Model
