solid OpenSCAD_Model
  facet normal 0 0 1
    outer loop
      vertex 0.5 1.20711 1.91421
      vertex 1.20711 -0.5 1.91421
      vertex 1.20711 0.5 1.91421
    endloop
  endfacet
  facet normal 0 0 1
    outer loop
      vertex 0.5 1.20711 1.91421
      vertex 0.5 -1.20711 1.91421
      vertex 1.20711 -0.5 1.91421
    endloop
  endfacet
  facet normal -0 0 1
    outer loop
      vertex -0.5 1.20711 1.91421
      vertex 0.5 -1.20711 1.91421
      vertex 0.5 1.20711 1.91421
    endloop
  endfacet
  facet normal 0 0 1
    outer loop
      vertex -0.5 1.20711 1.91421
      vertex -0.5 -1.20711 1.91421
      vertex 0.5 -1.20711 1.91421
    endloop
  endfacet
  facet normal -0 0 1
    outer loop
      vertex -1.20711 0.5 1.91421
      vertex -0.5 -1.20711 1.91421
      vertex -0.5 1.20711 1.91421
    endloop
  endfacet
  facet normal 0 0 1
    outer loop
      vertex -0.5 -1.20711 1.91421
      vertex -1.20711 0.5 1.91421
      vertex -1.20711 -0.5 1.91421
    endloop
  endfacet
  facet normal -1 0 0
    outer loop
      vertex -1.91421 0.5 -1.20711
      vertex -1.91421 1.20711 0.5
      vertex -1.91421 1.20711 -0.5
    endloop
  endfacet
  facet normal -1 0 0
    outer loop
      vertex -1.91421 0.5 -1.20711
      vertex -1.91421 0.5 1.20711
      vertex -1.91421 1.20711 0.5
    endloop
  endfacet
  facet normal -1 0 0
    outer loop
      vertex -1.91421 -0.5 -1.20711
      vertex -1.91421 0.5 1.20711
      vertex -1.91421 0.5 -1.20711
    endloop
  endfacet
  facet normal -1 0 0
    outer loop
      vertex -1.91421 -0.5 -1.20711
      vertex -1.91421 -0.5 1.20711
      vertex -1.91421 0.5 1.20711
    endloop
  endfacet
  facet normal -1 0 0
    outer loop
      vertex -1.91421 -1.20711 -0.5
      vertex -1.91421 -0.5 1.20711
      vertex -1.91421 -0.5 -1.20711
    endloop
  endfacet
  facet normal -1 0 0
    outer loop
      vertex -1.91421 -0.5 1.20711
      vertex -1.91421 -1.20711 -0.5
      vertex -1.91421 -1.20711 0.5
    endloop
  endfacet
  facet normal 0 -1 0
    outer loop
      vertex -1.20711 -1.91421 0.5
      vertex 0.5 -1.91421 1.20711
      vertex -0.5 -1.91421 1.20711
    endloop
  endfacet
  facet normal 0 -1 0
    outer loop
      vertex -1.20711 -1.91421 0.5
      vertex 1.20711 -1.91421 0.5
      vertex 0.5 -1.91421 1.20711
    endloop
  endfacet
  facet normal 0 -1 0
    outer loop
      vertex -1.20711 -1.91421 -0.5
      vertex 1.20711 -1.91421 0.5
      vertex -1.20711 -1.91421 0.5
    endloop
  endfacet
  facet normal 0 -1 0
    outer loop
      vertex -1.20711 -1.91421 -0.5
      vertex 1.20711 -1.91421 -0.5
      vertex 1.20711 -1.91421 0.5
    endloop
  endfacet
  facet normal 0 -1 0
    outer loop
      vertex -0.5 -1.91421 -1.20711
      vertex 1.20711 -1.91421 -0.5
      vertex -1.20711 -1.91421 -0.5
    endloop
  endfacet
  facet normal 0 -1 0
    outer loop
      vertex 1.20711 -1.91421 -0.5
      vertex -0.5 -1.91421 -1.20711
      vertex 0.5 -1.91421 -1.20711
    endloop
  endfacet
  facet normal 1 0 0
    outer loop
      vertex 1.91421 0.5 1.20711
      vertex 1.91421 1.20711 -0.5
      vertex 1.91421 1.20711 0.5
    endloop
  endfacet
  facet normal 1 0 0
    outer loop
      vertex 1.91421 0.5 1.20711
      vertex 1.91421 0.5 -1.20711
      vertex 1.91421 1.20711 -0.5
    endloop
  endfacet
  facet normal 1 -0 0
    outer loop
      vertex 1.91421 -0.5 1.20711
      vertex 1.91421 0.5 -1.20711
      vertex 1.91421 0.5 1.20711
    endloop
  endfacet
  facet normal 1 0 0
    outer loop
      vertex 1.91421 -0.5 1.20711
      vertex 1.91421 -0.5 -1.20711
      vertex 1.91421 0.5 -1.20711
    endloop
  endfacet
  facet normal 1 -0 0
    outer loop
      vertex 1.91421 -1.20711 0.5
      vertex 1.91421 -0.5 -1.20711
      vertex 1.91421 -0.5 1.20711
    endloop
  endfacet
  facet normal 1 0 0
    outer loop
      vertex 1.91421 -0.5 -1.20711
      vertex 1.91421 -1.20711 0.5
      vertex 1.91421 -1.20711 -0.5
    endloop
  endfacet
  facet normal 0 1 0
    outer loop
      vertex 1.20711 1.91421 0.5
      vertex -0.5 1.91421 1.20711
      vertex 0.5 1.91421 1.20711
    endloop
  endfacet
  facet normal 0 1 0
    outer loop
      vertex 1.20711 1.91421 0.5
      vertex -1.20711 1.91421 0.5
      vertex -0.5 1.91421 1.20711
    endloop
  endfacet
  facet normal 0 1 -0
    outer loop
      vertex 1.20711 1.91421 -0.5
      vertex -1.20711 1.91421 0.5
      vertex 1.20711 1.91421 0.5
    endloop
  endfacet
  facet normal 0 1 0
    outer loop
      vertex 1.20711 1.91421 -0.5
      vertex -1.20711 1.91421 -0.5
      vertex -1.20711 1.91421 0.5
    endloop
  endfacet
  facet normal 0 1 -0
    outer loop
      vertex 0.5 1.91421 -1.20711
      vertex -1.20711 1.91421 -0.5
      vertex 1.20711 1.91421 -0.5
    endloop
  endfacet
  facet normal 0 1 0
    outer loop
      vertex -1.20711 1.91421 -0.5
      vertex 0.5 1.91421 -1.20711
      vertex -0.5 1.91421 -1.20711
    endloop
  endfacet
  facet normal 0 0 -1
    outer loop
      vertex 0.5 -1.20711 -1.91421
      vertex 1.20711 0.5 -1.91421
      vertex 1.20711 -0.5 -1.91421
    endloop
  endfacet
  facet normal 0 0 -1
    outer loop
      vertex 0.5 -1.20711 -1.91421
      vertex 0.5 1.20711 -1.91421
      vertex 1.20711 0.5 -1.91421
    endloop
  endfacet
  facet normal 0 0 -1
    outer loop
      vertex -0.5 -1.20711 -1.91421
      vertex 0.5 1.20711 -1.91421
      vertex 0.5 -1.20711 -1.91421
    endloop
  endfacet
  facet normal 0 0 -1
    outer loop
      vertex -0.5 -1.20711 -1.91421
      vertex -0.5 1.20711 -1.91421
      vertex 0.5 1.20711 -1.91421
    endloop
  endfacet
  facet normal 0 0 -1
    outer loop
      vertex -1.20711 -0.5 -1.91421
      vertex -0.5 1.20711 -1.91421
      vertex -0.5 -1.20711 -1.91421
    endloop
  endfacet
  facet normal 0 0 -1
    outer loop
      vertex -0.5 1.20711 -1.91421
      vertex -1.20711 -0.5 -1.91421
      vertex -1.20711 0.5 -1.91421
    endloop
  endfacet
  facet normal -0.57735 -0.57735 0.57735
    outer loop
      vertex -0.5 -1.20711 1.91421
      vertex -1.91421 -0.5 1.20711
      vertex -1.91421 -1.20711 0.5
    endloop
  endfacet
  facet normal -0.57735 -0.57735 0.57735
    outer loop
      vertex -1.91421 -0.5 1.20711
      vertex -0.5 -1.20711 1.91421
      vertex -1.20711 -0.5 1.91421
    endloop
  endfacet
  facet normal -0.57735 -0.57735 0.57735
    outer loop
      vertex -0.5 -1.91421 1.20711
      vertex -1.91421 -1.20711 0.5
      vertex -1.20711 -1.91421 0.5
    endloop
  endfacet
  facet normal -0.57735 -0.57735 0.57735
    outer loop
      vertex -1.91421 -1.20711 0.5
      vertex -0.5 -1.91421 1.20711
      vertex -0.5 -1.20711 1.91421
    endloop
  endfacet
  facet normal 0.57735 -0.57735 0.57735
    outer loop
      vertex 0.5 -1.20711 1.91421
      vertex 1.91421 -0.5 1.20711
      vertex 1.20711 -0.5 1.91421
    endloop
  endfacet
  facet normal 0.57735 -0.57735 0.57735
    outer loop
      vertex 0.5 -1.20711 1.91421
      vertex 1.91421 -1.20711 0.5
      vertex 1.91421 -0.5 1.20711
    endloop
  endfacet
  facet normal 0.57735 -0.57735 0.57735
    outer loop
      vertex 0.5 -1.91421 1.20711
      vertex 1.91421 -1.20711 0.5
      vertex 0.5 -1.20711 1.91421
    endloop
  endfacet
  facet normal 0.57735 -0.57735 0.57735
    outer loop
      vertex 1.91421 -1.20711 0.5
      vertex 0.5 -1.91421 1.20711
      vertex 1.20711 -1.91421 0.5
    endloop
  endfacet
  facet normal 0.57735 0.57735 0.57735
    outer loop
      vertex 1.91421 1.20711 0.5
      vertex 0.5 1.91421 1.20711
      vertex 0.5 1.20711 1.91421
    endloop
  endfacet
  facet normal 0.57735 0.57735 0.57735
    outer loop
      vertex 0.5 1.91421 1.20711
      vertex 1.91421 1.20711 0.5
      vertex 1.20711 1.91421 0.5
    endloop
  endfacet
  facet normal 0.57735 0.57735 0.57735
    outer loop
      vertex 1.91421 0.5 1.20711
      vertex 0.5 1.20711 1.91421
      vertex 1.20711 0.5 1.91421
    endloop
  endfacet
  facet normal 0.57735 0.57735 0.57735
    outer loop
      vertex 0.5 1.20711 1.91421
      vertex 1.91421 0.5 1.20711
      vertex 1.91421 1.20711 0.5
    endloop
  endfacet
  facet normal -0.57735 0.57735 0.57735
    outer loop
      vertex -1.91421 1.20711 0.5
      vertex -0.5 1.91421 1.20711
      vertex -1.20711 1.91421 0.5
    endloop
  endfacet
  facet normal -0.57735 0.57735 0.57735
    outer loop
      vertex -1.91421 1.20711 0.5
      vertex -0.5 1.20711 1.91421
      vertex -0.5 1.91421 1.20711
    endloop
  endfacet
  facet normal -0.57735 0.57735 0.57735
    outer loop
      vertex -1.91421 0.5 1.20711
      vertex -0.5 1.20711 1.91421
      vertex -1.91421 1.20711 0.5
    endloop
  endfacet
  facet normal -0.57735 0.57735 0.57735
    outer loop
      vertex -0.5 1.20711 1.91421
      vertex -1.91421 0.5 1.20711
      vertex -1.20711 0.5 1.91421
    endloop
  endfacet
  facet normal -0.57735 -0.57735 -0.57735
    outer loop
      vertex -1.91421 -0.5 -1.20711
      vertex -1.20711 -1.91421 -0.5
      vertex -1.91421 -1.20711 -0.5
    endloop
  endfacet
  facet normal -0.57735 -0.57735 -0.57735
    outer loop
      vertex -1.91421 -0.5 -1.20711
      vertex -0.5 -1.91421 -1.20711
      vertex -1.20711 -1.91421 -0.5
    endloop
  endfacet
  facet normal -0.57735 -0.57735 -0.57735
    outer loop
      vertex -1.20711 -0.5 -1.91421
      vertex -0.5 -1.91421 -1.20711
      vertex -1.91421 -0.5 -1.20711
    endloop
  endfacet
  facet normal -0.57735 -0.57735 -0.57735
    outer loop
      vertex -0.5 -1.91421 -1.20711
      vertex -1.20711 -0.5 -1.91421
      vertex -0.5 -1.20711 -1.91421
    endloop
  endfacet
  facet normal 0.57735 -0.57735 -0.57735
    outer loop
      vertex 0.5 -1.20711 -1.91421
      vertex 1.91421 -0.5 -1.20711
      vertex 1.91421 -1.20711 -0.5
    endloop
  endfacet
  facet normal 0.57735 -0.57735 -0.57735
    outer loop
      vertex 1.91421 -0.5 -1.20711
      vertex 0.5 -1.20711 -1.91421
      vertex 1.20711 -0.5 -1.91421
    endloop
  endfacet
  facet normal 0.57735 -0.57735 -0.57735
    outer loop
      vertex 0.5 -1.91421 -1.20711
      vertex 1.91421 -1.20711 -0.5
      vertex 1.20711 -1.91421 -0.5
    endloop
  endfacet
  facet normal 0.57735 -0.57735 -0.57735
    outer loop
      vertex 1.91421 -1.20711 -0.5
      vertex 0.5 -1.91421 -1.20711
      vertex 0.5 -1.20711 -1.91421
    endloop
  endfacet
  facet normal 0.57735 0.57735 -0.57735
    outer loop
      vertex 1.91421 1.20711 -0.5
      vertex 0.5 1.91421 -1.20711
      vertex 1.20711 1.91421 -0.5
    endloop
  endfacet
  facet normal 0.57735 0.57735 -0.57735
    outer loop
      vertex 1.91421 1.20711 -0.5
      vertex 0.5 1.20711 -1.91421
      vertex 0.5 1.91421 -1.20711
    endloop
  endfacet
  facet normal 0.57735 0.57735 -0.57735
    outer loop
      vertex 1.91421 0.5 -1.20711
      vertex 0.5 1.20711 -1.91421
      vertex 1.91421 1.20711 -0.5
    endloop
  endfacet
  facet normal 0.57735 0.57735 -0.57735
    outer loop
      vertex 0.5 1.20711 -1.91421
      vertex 1.91421 0.5 -1.20711
      vertex 1.20711 0.5 -1.91421
    endloop
  endfacet
  facet normal -0.57735 0.57735 -0.57735
    outer loop
      vertex -1.91421 1.20711 -0.5
      vertex -0.5 1.91421 -1.20711
      vertex -0.5 1.20711 -1.91421
    endloop
  endfacet
  facet normal -0.57735 0.57735 -0.57735
    outer loop
      vertex -0.5 1.91421 -1.20711
      vertex -1.91421 1.20711 -0.5
      vertex -1.20711 1.91421 -0.5
    endloop
  endfacet
  facet normal -0.57735 0.57735 -0.57735
    outer loop
      vertex -1.91421 0.5 -1.20711
      vertex -0.5 1.20711 -1.91421
      vertex -1.20711 0.5 -1.91421
    endloop
  endfacet
  facet normal -0.57735 0.57735 -0.57735
    outer loop
      vertex -0.5 1.20711 -1.91421
      vertex -1.91421 0.5 -1.20711
      vertex -1.91421 1.20711 -0.5
    endloop
  endfacet
  facet normal 0 0.707107 0.707107
    outer loop
      vertex 0.5 1.91421 1.20711
      vertex -0.5 1.20711 1.91421
      vertex 0.5 1.20711 1.91421
    endloop
  endfacet
  facet normal 0 0.707107 0.707107
    outer loop
      vertex -0.5 1.20711 1.91421
      vertex 0.5 1.91421 1.20711
      vertex -0.5 1.91421 1.20711
    endloop
  endfacet
  facet normal -0.707107 0 0.707107
    outer loop
      vertex -1.91421 -0.5 1.20711
      vertex -1.20711 0.5 1.91421
      vertex -1.91421 0.5 1.20711
    endloop
  endfacet
  facet normal -0.707107 0 0.707107
    outer loop
      vertex -1.20711 0.5 1.91421
      vertex -1.91421 -0.5 1.20711
      vertex -1.20711 -0.5 1.91421
    endloop
  endfacet
  facet normal 0 -0.707107 0.707107
    outer loop
      vertex -0.5 -1.91421 1.20711
      vertex 0.5 -1.20711 1.91421
      vertex -0.5 -1.20711 1.91421
    endloop
  endfacet
  facet normal 0 -0.707107 0.707107
    outer loop
      vertex 0.5 -1.20711 1.91421
      vertex -0.5 -1.91421 1.20711
      vertex 0.5 -1.91421 1.20711
    endloop
  endfacet
  facet normal 0.707107 -0 0.707107
    outer loop
      vertex 1.20711 -0.5 1.91421
      vertex 1.91421 0.5 1.20711
      vertex 1.20711 0.5 1.91421
    endloop
  endfacet
  facet normal 0.707107 0 0.707107
    outer loop
      vertex 1.91421 0.5 1.20711
      vertex 1.20711 -0.5 1.91421
      vertex 1.91421 -0.5 1.20711
    endloop
  endfacet
  facet normal 0.707107 0.707107 0
    outer loop
      vertex 1.91421 1.20711 0.5
      vertex 1.20711 1.91421 -0.5
      vertex 1.20711 1.91421 0.5
    endloop
  endfacet
  facet normal 0.707107 0.707107 0
    outer loop
      vertex 1.20711 1.91421 -0.5
      vertex 1.91421 1.20711 0.5
      vertex 1.91421 1.20711 -0.5
    endloop
  endfacet
  facet normal -0.707107 0.707107 0
    outer loop
      vertex -1.91421 1.20711 -0.5
      vertex -1.20711 1.91421 0.5
      vertex -1.20711 1.91421 -0.5
    endloop
  endfacet
  facet normal -0.707107 0.707107 0
    outer loop
      vertex -1.20711 1.91421 0.5
      vertex -1.91421 1.20711 -0.5
      vertex -1.91421 1.20711 0.5
    endloop
  endfacet
  facet normal -0.707107 -0.707107 0
    outer loop
      vertex -1.20711 -1.91421 -0.5
      vertex -1.91421 -1.20711 0.5
      vertex -1.91421 -1.20711 -0.5
    endloop
  endfacet
  facet normal -0.707107 -0.707107 0
    outer loop
      vertex -1.91421 -1.20711 0.5
      vertex -1.20711 -1.91421 -0.5
      vertex -1.20711 -1.91421 0.5
    endloop
  endfacet
  facet normal 0.707107 -0.707107 0
    outer loop
      vertex 1.20711 -1.91421 0.5
      vertex 1.91421 -1.20711 -0.5
      vertex 1.91421 -1.20711 0.5
    endloop
  endfacet
  facet normal 0.707107 -0.707107 0
    outer loop
      vertex 1.91421 -1.20711 -0.5
      vertex 1.20711 -1.91421 0.5
      vertex 1.20711 -1.91421 -0.5
    endloop
  endfacet
  facet normal 0.707107 0 -0.707107
    outer loop
      vertex 1.91421 -0.5 -1.20711
      vertex 1.20711 0.5 -1.91421
      vertex 1.91421 0.5 -1.20711
    endloop
  endfacet
  facet normal 0.707107 0 -0.707107
    outer loop
      vertex 1.20711 0.5 -1.91421
      vertex 1.91421 -0.5 -1.20711
      vertex 1.20711 -0.5 -1.91421
    endloop
  endfacet
  facet normal 0 0.707107 -0.707107
    outer loop
      vertex 0.5 1.20711 -1.91421
      vertex -0.5 1.91421 -1.20711
      vertex 0.5 1.91421 -1.20711
    endloop
  endfacet
  facet normal 0 0.707107 -0.707107
    outer loop
      vertex -0.5 1.91421 -1.20711
      vertex 0.5 1.20711 -1.91421
      vertex -0.5 1.20711 -1.91421
    endloop
  endfacet
  facet normal -0.707107 0 -0.707107
    outer loop
      vertex -1.20711 -0.5 -1.91421
      vertex -1.91421 0.5 -1.20711
      vertex -1.20711 0.5 -1.91421
    endloop
  endfacet
  facet normal -0.707107 -0 -0.707107
    outer loop
      vertex -1.91421 0.5 -1.20711
      vertex -1.20711 -0.5 -1.91421
      vertex -1.91421 -0.5 -1.20711
    endloop
  endfacet
  facet normal 0 -0.707107 -0.707107
    outer loop
      vertex -0.5 -1.20711 -1.91421
      vertex 0.5 -1.91421 -1.20711
      vertex -0.5 -1.91421 -1.20711
    endloop
  endfacet
  facet normal 0 -0.707107 -0.707107
    outer loop
      vertex 0.5 -1.91421 -1.20711
      vertex -0.5 -1.20711 -1.91421
      vertex 0.5 -1.20711 -1.91421
    endloop
  endfacet
endsolid OpenSCAD_Model
