solid OpenSCAD_Model
  facet normal 0 0 1
    outer loop
      vertex -0.270203 0.496981 0.914091
      vertex 0.270203 -0.496981 0.914091
      vertex 0.496981 0.270203 0.914091
    endloop
  endfacet
  facet normal 0 0 1
    outer loop
      vertex 0.270203 -0.496981 0.914091
      vertex -0.270203 0.496981 0.914091
      vertex -0.496981 -0.270203 0.914091
    endloop
  endfacet
  facet normal 0 1 0
    outer loop
      vertex 0.496981 0.914091 -0.270203
      vertex -0.496981 0.914091 0.270203
      vertex 0.270203 0.914091 0.496981
    endloop
  endfacet
  facet normal 0 1 0
    outer loop
      vertex -0.496981 0.914091 0.270203
      vertex 0.496981 0.914091 -0.270203
      vertex -0.270203 0.914091 -0.496981
    endloop
  endfacet
  facet normal -1 0 0
    outer loop
      vertex -0.914091 -0.270203 -0.496981
      vertex -0.914091 0.270203 0.496981
      vertex -0.914091 0.496981 -0.270203
    endloop
  endfacet
  facet normal -1 0 0
    outer loop
      vertex -0.914091 0.270203 0.496981
      vertex -0.914091 -0.270203 -0.496981
      vertex -0.914091 -0.496981 0.270203
    endloop
  endfacet
  facet normal 0 -1 0
    outer loop
      vertex -0.496981 -0.914091 -0.270203
      vertex 0.496981 -0.914091 0.270203
      vertex -0.270203 -0.914091 0.496981
    endloop
  endfacet
  facet normal 0 -1 0
    outer loop
      vertex 0.496981 -0.914091 0.270203
      vertex -0.496981 -0.914091 -0.270203
      vertex 0.270203 -0.914091 -0.496981
    endloop
  endfacet
  facet normal 1 0 0
    outer loop
      vertex 0.914091 -0.270203 0.496981
      vertex 0.914091 0.270203 -0.496981
      vertex 0.914091 0.496981 0.270203
    endloop
  endfacet
  facet normal 1 0 0
    outer loop
      vertex 0.914091 0.270203 -0.496981
      vertex 0.914091 -0.270203 0.496981
      vertex 0.914091 -0.496981 -0.270203
    endloop
  endfacet
  facet normal 0 0 -1
    outer loop
      vertex -0.270203 -0.496981 -0.914091
      vertex 0.270203 0.496981 -0.914091
      vertex 0.496981 -0.270203 -0.914091
    endloop
  endfacet
  facet normal 0 0 -1
    outer loop
      vertex 0.270203 0.496981 -0.914091
      vertex -0.270203 -0.496981 -0.914091
      vertex -0.496981 0.270203 -0.914091
    endloop
  endfacet
  facet normal 0.57735 -0.170663 0.798461
    outer loop
      vertex 0.496981 0.270203 0.914091
      vertex 0.270203 -0.496981 0.914091
      vertex 0.914091 -0.270203 0.496981
    endloop
  endfacet
  facet normal 0.798461 0.170663 0.57735
    outer loop
      vertex 0.914091 0.496981 0.270203
      vertex 0.496981 0.270203 0.914091
      vertex 0.914091 -0.270203 0.496981
    endloop
  endfacet
  facet normal 0.57735 0.57735 0.57735
    outer loop
      vertex 0.270203 0.914091 0.496981
      vertex 0.496981 0.270203 0.914091
      vertex 0.914091 0.496981 0.270203
    endloop
  endfacet
  facet normal 0.170663 0.57735 0.798461
    outer loop
      vertex -0.270203 0.496981 0.914091
      vertex 0.496981 0.270203 0.914091
      vertex 0.270203 0.914091 0.496981
    endloop
  endfacet
  facet normal -0.170663 0.798461 0.57735
    outer loop
      vertex -0.270203 0.496981 0.914091
      vertex 0.270203 0.914091 0.496981
      vertex -0.496981 0.914091 0.270203
    endloop
  endfacet
  facet normal -0.57735 0.57735 0.57735
    outer loop
      vertex -0.914091 0.270203 0.496981
      vertex -0.270203 0.496981 0.914091
      vertex -0.496981 0.914091 0.270203
    endloop
  endfacet
  facet normal -0.57735 0.170663 0.798461
    outer loop
      vertex -0.496981 -0.270203 0.914091
      vertex -0.270203 0.496981 0.914091
      vertex -0.914091 0.270203 0.496981
    endloop
  endfacet
  facet normal -0.798461 -0.170663 0.57735
    outer loop
      vertex -0.496981 -0.270203 0.914091
      vertex -0.914091 0.270203 0.496981
      vertex -0.914091 -0.496981 0.270203
    endloop
  endfacet
  facet normal -0.57735 -0.57735 0.57735
    outer loop
      vertex -0.270203 -0.914091 0.496981
      vertex -0.496981 -0.270203 0.914091
      vertex -0.914091 -0.496981 0.270203
    endloop
  endfacet
  facet normal -0.170663 -0.57735 0.798461
    outer loop
      vertex 0.270203 -0.496981 0.914091
      vertex -0.496981 -0.270203 0.914091
      vertex -0.270203 -0.914091 0.496981
    endloop
  endfacet
  facet normal 0.170663 -0.798461 0.57735
    outer loop
      vertex 0.270203 -0.496981 0.914091
      vertex -0.270203 -0.914091 0.496981
      vertex 0.496981 -0.914091 0.270203
    endloop
  endfacet
  facet normal 0.57735 -0.57735 0.57735
    outer loop
      vertex 0.914091 -0.270203 0.496981
      vertex 0.270203 -0.496981 0.914091
      vertex 0.496981 -0.914091 0.270203
    endloop
  endfacet
  facet normal 0.798461 -0.57735 0.170663
    outer loop
      vertex 0.914091 -0.270203 0.496981
      vertex 0.496981 -0.914091 0.270203
      vertex 0.914091 -0.496981 -0.270203
    endloop
  endfacet
  facet normal 0.798461 0.57735 -0.170663
    outer loop
      vertex 0.496981 0.914091 -0.270203
      vertex 0.914091 0.496981 0.270203
      vertex 0.914091 0.270203 -0.496981
    endloop
  endfacet
  facet normal 0.57735 0.798461 0.170663
    outer loop
      vertex 0.270203 0.914091 0.496981
      vertex 0.914091 0.496981 0.270203
      vertex 0.496981 0.914091 -0.270203
    endloop
  endfacet
  facet normal -0.57735 0.798461 -0.170663
    outer loop
      vertex -0.914091 0.496981 -0.270203
      vertex -0.496981 0.914091 0.270203
      vertex -0.270203 0.914091 -0.496981
    endloop
  endfacet
  facet normal -0.798461 0.57735 0.170663
    outer loop
      vertex -0.914091 0.270203 0.496981
      vertex -0.496981 0.914091 0.270203
      vertex -0.914091 0.496981 -0.270203
    endloop
  endfacet
  facet normal -0.798461 -0.57735 -0.170663
    outer loop
      vertex -0.496981 -0.914091 -0.270203
      vertex -0.914091 -0.496981 0.270203
      vertex -0.914091 -0.270203 -0.496981
    endloop
  endfacet
  facet normal -0.57735 -0.798461 0.170663
    outer loop
      vertex -0.270203 -0.914091 0.496981
      vertex -0.914091 -0.496981 0.270203
      vertex -0.496981 -0.914091 -0.270203
    endloop
  endfacet
  facet normal 0.57735 -0.798461 -0.170663
    outer loop
      vertex 0.914091 -0.496981 -0.270203
      vertex 0.496981 -0.914091 0.270203
      vertex 0.270203 -0.914091 -0.496981
    endloop
  endfacet
  facet normal 0.57735 0.57735 -0.57735
    outer loop
      vertex 0.270203 0.496981 -0.914091
      vertex 0.496981 0.914091 -0.270203
      vertex 0.914091 0.270203 -0.496981
    endloop
  endfacet
  facet normal 0.170663 0.798461 -0.57735
    outer loop
      vertex -0.270203 0.914091 -0.496981
      vertex 0.496981 0.914091 -0.270203
      vertex 0.270203 0.496981 -0.914091
    endloop
  endfacet
  facet normal -0.57735 0.57735 -0.57735
    outer loop
      vertex -0.914091 0.496981 -0.270203
      vertex -0.270203 0.914091 -0.496981
      vertex -0.496981 0.270203 -0.914091
    endloop
  endfacet
  facet normal -0.798461 0.170663 -0.57735
    outer loop
      vertex -0.914091 -0.270203 -0.496981
      vertex -0.914091 0.496981 -0.270203
      vertex -0.496981 0.270203 -0.914091
    endloop
  endfacet
  facet normal -0.170663 0.57735 -0.798461
    outer loop
      vertex -0.496981 0.270203 -0.914091
      vertex -0.270203 0.914091 -0.496981
      vertex 0.270203 0.496981 -0.914091
    endloop
  endfacet
  facet normal -0.57735 -0.170663 -0.798461
    outer loop
      vertex -0.270203 -0.496981 -0.914091
      vertex -0.914091 -0.270203 -0.496981
      vertex -0.496981 0.270203 -0.914091
    endloop
  endfacet
  facet normal -0.57735 -0.57735 -0.57735
    outer loop
      vertex -0.496981 -0.914091 -0.270203
      vertex -0.914091 -0.270203 -0.496981
      vertex -0.270203 -0.496981 -0.914091
    endloop
  endfacet
  facet normal -0.170663 -0.798461 -0.57735
    outer loop
      vertex 0.270203 -0.914091 -0.496981
      vertex -0.496981 -0.914091 -0.270203
      vertex -0.270203 -0.496981 -0.914091
    endloop
  endfacet
  facet normal 0.170663 -0.57735 -0.798461
    outer loop
      vertex 0.496981 -0.270203 -0.914091
      vertex 0.270203 -0.914091 -0.496981
      vertex -0.270203 -0.496981 -0.914091
    endloop
  endfacet
  facet normal 0.57735 -0.57735 -0.57735
    outer loop
      vertex 0.914091 -0.496981 -0.270203
      vertex 0.270203 -0.914091 -0.496981
      vertex 0.496981 -0.270203 -0.914091
    endloop
  endfacet
  facet normal 0.798461 -0.170663 -0.57735
    outer loop
      vertex 0.914091 0.270203 -0.496981
      vertex 0.914091 -0.496981 -0.270203
      vertex 0.496981 -0.270203 -0.914091
    endloop
  endfacet
  facet normal 0.57735 0.170663 -0.798461
    outer loop
      vertex 0.270203 0.496981 -0.914091
      vertex 0.914091 0.270203 -0.496981
      vertex 0.496981 -0.270203 -0.914091
    endloop
  endfacet
endsolid OpenSCAD_Model
