solid OpenSCAD_Model
  facet normal -0.850651 0.525731 3.87942e-10
    outer loop
      vertex -1.29443 0 0
      vertex -0.647214 1.04721 -0.4
      vertex -1.04721 0.4 -0.647214
    endloop
  endfacet
  facet normal -0.850651 0.525731 0
    outer loop
      vertex -0.647214 1.04721 -0.4
      vertex -1.29443 0 0
      vertex -0.647214 1.04721 0.4
    endloop
  endfacet
  facet normal -0.850651 0.525731 -3.87942e-10
    outer loop
      vertex -0.647214 1.04721 0.4
      vertex -1.29443 0 0
      vertex -1.04721 0.4 0.647214
    endloop
  endfacet
  facet normal -3.87942e-10 0.850651 0.525731
    outer loop
      vertex 0 1.29443 0
      vertex 0.4 0.647214 1.04721
      vertex 0.647214 1.04721 0.4
    endloop
  endfacet
  facet normal 0 0.850651 0.525731
    outer loop
      vertex 0.4 0.647214 1.04721
      vertex 0 1.29443 0
      vertex -0.4 0.647214 1.04721
    endloop
  endfacet
  facet normal 3.87942e-10 0.850651 0.525731
    outer loop
      vertex -0.4 0.647214 1.04721
      vertex 0 1.29443 0
      vertex -0.647214 1.04721 0.4
    endloop
  endfacet
  facet normal -0.525731 -3.87942e-10 0.850651
    outer loop
      vertex -1.04721 0.4 0.647214
      vertex 0 0 1.29443
      vertex -0.4 0.647214 1.04721
    endloop
  endfacet
  facet normal -0.525731 0 0.850651
    outer loop
      vertex -1.04721 -0.4 0.647214
      vertex 0 0 1.29443
      vertex -1.04721 0.4 0.647214
    endloop
  endfacet
  facet normal -0.525731 3.87942e-10 0.850651
    outer loop
      vertex 0 0 1.29443
      vertex -1.04721 -0.4 0.647214
      vertex -0.4 -0.647214 1.04721
    endloop
  endfacet
  facet normal 3.87942e-10 -0.850651 0.525731
    outer loop
      vertex 0 -1.29443 0
      vertex -0.4 -0.647214 1.04721
      vertex -0.647214 -1.04721 0.4
    endloop
  endfacet
  facet normal 0 -0.850651 0.525731
    outer loop
      vertex -0.4 -0.647214 1.04721
      vertex 0 -1.29443 0
      vertex 0.4 -0.647214 1.04721
    endloop
  endfacet
  facet normal -3.87942e-10 -0.850651 0.525731
    outer loop
      vertex 0.4 -0.647214 1.04721
      vertex 0 -1.29443 0
      vertex 0.647214 -1.04721 0.4
    endloop
  endfacet
  facet normal 0.525731 -3.87942e-10 0.850651
    outer loop
      vertex 0 0 1.29443
      vertex 1.04721 0.4 0.647214
      vertex 0.4 0.647214 1.04721
    endloop
  endfacet
  facet normal 0.525731 0 0.850651
    outer loop
      vertex 1.04721 0.4 0.647214
      vertex 0 0 1.29443
      vertex 1.04721 -0.4 0.647214
    endloop
  endfacet
  facet normal 0.525731 3.87942e-10 0.850651
    outer loop
      vertex 1.04721 -0.4 0.647214
      vertex 0 0 1.29443
      vertex 0.4 -0.647214 1.04721
    endloop
  endfacet
  facet normal -0.850651 -0.525731 3.87942e-10
    outer loop
      vertex -0.647214 -1.04721 -0.4
      vertex -1.29443 0 0
      vertex -1.04721 -0.4 -0.647214
    endloop
  endfacet
  facet normal -0.850651 -0.525731 -0
    outer loop
      vertex -0.647214 -1.04721 0.4
      vertex -1.29443 0 0
      vertex -0.647214 -1.04721 -0.4
    endloop
  endfacet
  facet normal -0.850651 -0.525731 -3.87942e-10
    outer loop
      vertex -1.29443 0 0
      vertex -0.647214 -1.04721 0.4
      vertex -1.04721 -0.4 0.647214
    endloop
  endfacet
  facet normal 3.87942e-10 -0.850651 -0.525731
    outer loop
      vertex -0.4 -0.647214 -1.04721
      vertex 0 -1.29443 0
      vertex -0.647214 -1.04721 -0.4
    endloop
  endfacet
  facet normal -0 -0.850651 -0.525731
    outer loop
      vertex 0.4 -0.647214 -1.04721
      vertex 0 -1.29443 0
      vertex -0.4 -0.647214 -1.04721
    endloop
  endfacet
  facet normal -3.87942e-10 -0.850651 -0.525731
    outer loop
      vertex 0 -1.29443 0
      vertex 0.4 -0.647214 -1.04721
      vertex 0.647214 -1.04721 -0.4
    endloop
  endfacet
  facet normal 0.850651 -0.525731 -3.87942e-10
    outer loop
      vertex 0.647214 -1.04721 0.4
      vertex 1.29443 0 0
      vertex 1.04721 -0.4 0.647214
    endloop
  endfacet
  facet normal 0.850651 -0.525731 0
    outer loop
      vertex 0.647214 -1.04721 -0.4
      vertex 1.29443 0 0
      vertex 0.647214 -1.04721 0.4
    endloop
  endfacet
  facet normal 0.850651 -0.525731 3.87942e-10
    outer loop
      vertex 1.29443 0 0
      vertex 0.647214 -1.04721 -0.4
      vertex 1.04721 -0.4 -0.647214
    endloop
  endfacet
  facet normal 0.850651 0.525731 -3.87942e-10
    outer loop
      vertex 1.29443 0 0
      vertex 0.647214 1.04721 0.4
      vertex 1.04721 0.4 0.647214
    endloop
  endfacet
  facet normal 0.850651 0.525731 0
    outer loop
      vertex 0.647214 1.04721 0.4
      vertex 1.29443 0 0
      vertex 0.647214 1.04721 -0.4
    endloop
  endfacet
  facet normal 0.850651 0.525731 3.87942e-10
    outer loop
      vertex 0.647214 1.04721 -0.4
      vertex 1.29443 0 0
      vertex 1.04721 0.4 -0.647214
    endloop
  endfacet
  facet normal -3.87942e-10 0.850651 -0.525731
    outer loop
      vertex 0.4 0.647214 -1.04721
      vertex 0 1.29443 0
      vertex 0.647214 1.04721 -0.4
    endloop
  endfacet
  facet normal 0 0.850651 -0.525731
    outer loop
      vertex -0.4 0.647214 -1.04721
      vertex 0 1.29443 0
      vertex 0.4 0.647214 -1.04721
    endloop
  endfacet
  facet normal 3.87942e-10 0.850651 -0.525731
    outer loop
      vertex 0 1.29443 0
      vertex -0.4 0.647214 -1.04721
      vertex -0.647214 1.04721 -0.4
    endloop
  endfacet
  facet normal -0.525731 3.87942e-10 -0.850651
    outer loop
      vertex -1.04721 -0.4 -0.647214
      vertex 0 0 -1.29443
      vertex -0.4 -0.647214 -1.04721
    endloop
  endfacet
  facet normal -0.525731 -0 -0.850651
    outer loop
      vertex -1.04721 0.4 -0.647214
      vertex 0 0 -1.29443
      vertex -1.04721 -0.4 -0.647214
    endloop
  endfacet
  facet normal -0.525731 -3.87942e-10 -0.850651
    outer loop
      vertex 0 0 -1.29443
      vertex -1.04721 0.4 -0.647214
      vertex -0.4 0.647214 -1.04721
    endloop
  endfacet
  facet normal 0.525731 3.87942e-10 -0.850651
    outer loop
      vertex 0 0 -1.29443
      vertex 1.04721 -0.4 -0.647214
      vertex 0.4 -0.647214 -1.04721
    endloop
  endfacet
  facet normal 0.525731 0 -0.850651
    outer loop
      vertex 1.04721 -0.4 -0.647214
      vertex 0 0 -1.29443
      vertex 1.04721 0.4 -0.647214
    endloop
  endfacet
  facet normal 0.525731 -3.87942e-10 -0.850651
    outer loop
      vertex 1.04721 0.4 -0.647214
      vertex 0 0 -1.29443
      vertex 0.4 0.647214 -1.04721
    endloop
  endfacet
  facet normal -0 0.356822 0.934172
    outer loop
      vertex -0.4 0.647214 1.04721
      vertex 0 0 1.29443
      vertex 0.4 0.647214 1.04721
    endloop
  endfacet
  facet normal 0.57735 0.57735 0.57735
    outer loop
      vertex 0.647214 1.04721 0.4
      vertex 0.4 0.647214 1.04721
      vertex 1.04721 0.4 0.647214
    endloop
  endfacet
  facet normal -0.57735 0.57735 0.57735
    outer loop
      vertex -1.04721 0.4 0.647214
      vertex -0.4 0.647214 1.04721
      vertex -0.647214 1.04721 0.4
    endloop
  endfacet
  facet normal -0.934172 0 0.356822
    outer loop
      vertex -1.04721 -0.4 0.647214
      vertex -1.04721 0.4 0.647214
      vertex -1.29443 0 0
    endloop
  endfacet
  facet normal -0.934172 0 -0.356822
    outer loop
      vertex -1.04721 -0.4 -0.647214
      vertex -1.29443 0 0
      vertex -1.04721 0.4 -0.647214
    endloop
  endfacet
  facet normal -0.57735 -0.57735 -0.57735
    outer loop
      vertex -0.647214 -1.04721 -0.4
      vertex -1.04721 -0.4 -0.647214
      vertex -0.4 -0.647214 -1.04721
    endloop
  endfacet
  facet normal -0 -0.356822 -0.934172
    outer loop
      vertex 0.4 -0.647214 -1.04721
      vertex -0.4 -0.647214 -1.04721
      vertex 0 0 -1.29443
    endloop
  endfacet
  facet normal 0.57735 -0.57735 -0.57735
    outer loop
      vertex 1.04721 -0.4 -0.647214
      vertex 0.647214 -1.04721 -0.4
      vertex 0.4 -0.647214 -1.04721
    endloop
  endfacet
  facet normal 0.934172 0 -0.356822
    outer loop
      vertex 1.04721 0.4 -0.647214
      vertex 1.29443 0 0
      vertex 1.04721 -0.4 -0.647214
    endloop
  endfacet
  facet normal 0.934172 0 0.356822
    outer loop
      vertex 1.04721 0.4 0.647214
      vertex 1.04721 -0.4 0.647214
      vertex 1.29443 0 0
    endloop
  endfacet
  facet normal 0 -0.356822 0.934172
    outer loop
      vertex -0.4 -0.647214 1.04721
      vertex 0.4 -0.647214 1.04721
      vertex 0 0 1.29443
    endloop
  endfacet
  facet normal -0.57735 -0.57735 0.57735
    outer loop
      vertex -1.04721 -0.4 0.647214
      vertex -0.647214 -1.04721 0.4
      vertex -0.4 -0.647214 1.04721
    endloop
  endfacet
  facet normal -0.356822 -0.934172 0
    outer loop
      vertex -0.647214 -1.04721 -0.4
      vertex 0 -1.29443 0
      vertex -0.647214 -1.04721 0.4
    endloop
  endfacet
  facet normal 0.356822 -0.934172 0
    outer loop
      vertex 0.647214 -1.04721 -0.4
      vertex 0.647214 -1.04721 0.4
      vertex 0 -1.29443 0
    endloop
  endfacet
  facet normal 0.57735 -0.57735 0.57735
    outer loop
      vertex 1.04721 -0.4 0.647214
      vertex 0.4 -0.647214 1.04721
      vertex 0.647214 -1.04721 0.4
    endloop
  endfacet
  facet normal 0.356822 0.934172 0
    outer loop
      vertex 0 1.29443 0
      vertex 0.647214 1.04721 0.4
      vertex 0.647214 1.04721 -0.4
    endloop
  endfacet
  facet normal -0.356822 0.934172 0
    outer loop
      vertex -0.647214 1.04721 -0.4
      vertex -0.647214 1.04721 0.4
      vertex 0 1.29443 0
    endloop
  endfacet
  facet normal -0.57735 0.57735 -0.57735
    outer loop
      vertex -1.04721 0.4 -0.647214
      vertex -0.647214 1.04721 -0.4
      vertex -0.4 0.647214 -1.04721
    endloop
  endfacet
  facet normal 0 0.356822 -0.934172
    outer loop
      vertex 0 0 -1.29443
      vertex -0.4 0.647214 -1.04721
      vertex 0.4 0.647214 -1.04721
    endloop
  endfacet
  facet normal 0.57735 0.57735 -0.57735
    outer loop
      vertex 0.4 0.647214 -1.04721
      vertex 0.647214 1.04721 -0.4
      vertex 1.04721 0.4 -0.647214
    endloop
  endfacet
endsolid OpenSCAD_Model
