solid OpenSCAD_Model
  facet normal 0 0 1
    outer loop
      vertex -0.337754 0.621226 1.14261
      vertex 0.337754 -0.621226 1.14261
      vertex 0.621226 0.337754 1.14261
    endloop
  endfacet
  facet normal 0 0 1
    outer loop
      vertex 0.337754 -0.621226 1.14261
      vertex -0.337754 0.621226 1.14261
      vertex -0.621226 -0.337754 1.14261
    endloop
  endfacet
  facet normal 0 1 0
    outer loop
      vertex 0.621226 1.14261 -0.337754
      vertex -0.621226 1.14261 0.337754
      vertex 0.337754 1.14261 0.621226
    endloop
  endfacet
  facet normal 0 1 0
    outer loop
      vertex -0.621226 1.14261 0.337754
      vertex 0.621226 1.14261 -0.337754
      vertex -0.337754 1.14261 -0.621226
    endloop
  endfacet
  facet normal -1 0 0
    outer loop
      vertex -1.14261 -0.337754 -0.621226
      vertex -1.14261 0.337754 0.621226
      vertex -1.14261 0.621226 -0.337754
    endloop
  endfacet
  facet normal -1 0 0
    outer loop
      vertex -1.14261 0.337754 0.621226
      vertex -1.14261 -0.337754 -0.621226
      vertex -1.14261 -0.621226 0.337754
    endloop
  endfacet
  facet normal 0 -1 0
    outer loop
      vertex -0.621226 -1.14261 -0.337754
      vertex 0.621226 -1.14261 0.337754
      vertex -0.337754 -1.14261 0.621226
    endloop
  endfacet
  facet normal 0 -1 0
    outer loop
      vertex 0.621226 -1.14261 0.337754
      vertex -0.621226 -1.14261 -0.337754
      vertex 0.337754 -1.14261 -0.621226
    endloop
  endfacet
  facet normal 1 0 0
    outer loop
      vertex 1.14261 -0.337754 0.621226
      vertex 1.14261 0.337754 -0.621226
      vertex 1.14261 0.621226 0.337754
    endloop
  endfacet
  facet normal 1 0 0
    outer loop
      vertex 1.14261 0.337754 -0.621226
      vertex 1.14261 -0.337754 0.621226
      vertex 1.14261 -0.621226 -0.337754
    endloop
  endfacet
  facet normal 0 0 -1
    outer loop
      vertex -0.337754 -0.621226 -1.14261
      vertex 0.337754 0.621226 -1.14261
      vertex 0.621226 -0.337754 -1.14261
    endloop
  endfacet
  facet normal 0 0 -1
    outer loop
      vertex 0.337754 0.621226 -1.14261
      vertex -0.337754 -0.621226 -1.14261
      vertex -0.621226 0.337754 -1.14261
    endloop
  endfacet
  facet normal 0.57735 -0.170663 0.798461
    outer loop
      vertex 0.621226 0.337754 1.14261
      vertex 0.337754 -0.621226 1.14261
      vertex 1.14261 -0.337754 0.621226
    endloop
  endfacet
  facet normal 0.798461 0.170663 0.57735
    outer loop
      vertex 1.14261 0.621226 0.337754
      vertex 0.621226 0.337754 1.14261
      vertex 1.14261 -0.337754 0.621226
    endloop
  endfacet
  facet normal 0.57735 0.57735 0.57735
    outer loop
      vertex 0.337754 1.14261 0.621226
      vertex 0.621226 0.337754 1.14261
      vertex 1.14261 0.621226 0.337754
    endloop
  endfacet
  facet normal 0.170663 0.57735 0.798461
    outer loop
      vertex -0.337754 0.621226 1.14261
      vertex 0.621226 0.337754 1.14261
      vertex 0.337754 1.14261 0.621226
    endloop
  endfacet
  facet normal -0.170663 0.798461 0.57735
    outer loop
      vertex -0.337754 0.621226 1.14261
      vertex 0.337754 1.14261 0.621226
      vertex -0.621226 1.14261 0.337754
    endloop
  endfacet
  facet normal -0.57735 0.57735 0.57735
    outer loop
      vertex -1.14261 0.337754 0.621226
      vertex -0.337754 0.621226 1.14261
      vertex -0.621226 1.14261 0.337754
    endloop
  endfacet
  facet normal -0.57735 0.170663 0.798461
    outer loop
      vertex -0.621226 -0.337754 1.14261
      vertex -0.337754 0.621226 1.14261
      vertex -1.14261 0.337754 0.621226
    endloop
  endfacet
  facet normal -0.798461 -0.170663 0.57735
    outer loop
      vertex -0.621226 -0.337754 1.14261
      vertex -1.14261 0.337754 0.621226
      vertex -1.14261 -0.621226 0.337754
    endloop
  endfacet
  facet normal -0.57735 -0.57735 0.57735
    outer loop
      vertex -0.337754 -1.14261 0.621226
      vertex -0.621226 -0.337754 1.14261
      vertex -1.14261 -0.621226 0.337754
    endloop
  endfacet
  facet normal -0.170663 -0.57735 0.798461
    outer loop
      vertex 0.337754 -0.621226 1.14261
      vertex -0.621226 -0.337754 1.14261
      vertex -0.337754 -1.14261 0.621226
    endloop
  endfacet
  facet normal 0.170663 -0.798461 0.57735
    outer loop
      vertex 0.337754 -0.621226 1.14261
      vertex -0.337754 -1.14261 0.621226
      vertex 0.621226 -1.14261 0.337754
    endloop
  endfacet
  facet normal 0.57735 -0.57735 0.57735
    outer loop
      vertex 1.14261 -0.337754 0.621226
      vertex 0.337754 -0.621226 1.14261
      vertex 0.621226 -1.14261 0.337754
    endloop
  endfacet
  facet normal 0.798461 -0.57735 0.170663
    outer loop
      vertex 1.14261 -0.337754 0.621226
      vertex 0.621226 -1.14261 0.337754
      vertex 1.14261 -0.621226 -0.337754
    endloop
  endfacet
  facet normal 0.798461 0.57735 -0.170663
    outer loop
      vertex 0.621226 1.14261 -0.337754
      vertex 1.14261 0.621226 0.337754
      vertex 1.14261 0.337754 -0.621226
    endloop
  endfacet
  facet normal 0.57735 0.798461 0.170663
    outer loop
      vertex 0.337754 1.14261 0.621226
      vertex 1.14261 0.621226 0.337754
      vertex 0.621226 1.14261 -0.337754
    endloop
  endfacet
  facet normal -0.57735 0.798461 -0.170663
    outer loop
      vertex -1.14261 0.621226 -0.337754
      vertex -0.621226 1.14261 0.337754
      vertex -0.337754 1.14261 -0.621226
    endloop
  endfacet
  facet normal -0.798461 0.57735 0.170663
    outer loop
      vertex -1.14261 0.337754 0.621226
      vertex -0.621226 1.14261 0.337754
      vertex -1.14261 0.621226 -0.337754
    endloop
  endfacet
  facet normal -0.798461 -0.57735 -0.170663
    outer loop
      vertex -0.621226 -1.14261 -0.337754
      vertex -1.14261 -0.621226 0.337754
      vertex -1.14261 -0.337754 -0.621226
    endloop
  endfacet
  facet normal -0.57735 -0.798461 0.170663
    outer loop
      vertex -0.337754 -1.14261 0.621226
      vertex -1.14261 -0.621226 0.337754
      vertex -0.621226 -1.14261 -0.337754
    endloop
  endfacet
  facet normal 0.57735 -0.798461 -0.170663
    outer loop
      vertex 1.14261 -0.621226 -0.337754
      vertex 0.621226 -1.14261 0.337754
      vertex 0.337754 -1.14261 -0.621226
    endloop
  endfacet
  facet normal 0.57735 0.57735 -0.57735
    outer loop
      vertex 0.337754 0.621226 -1.14261
      vertex 0.621226 1.14261 -0.337754
      vertex 1.14261 0.337754 -0.621226
    endloop
  endfacet
  facet normal 0.170663 0.798461 -0.57735
    outer loop
      vertex -0.337754 1.14261 -0.621226
      vertex 0.621226 1.14261 -0.337754
      vertex 0.337754 0.621226 -1.14261
    endloop
  endfacet
  facet normal -0.57735 0.57735 -0.57735
    outer loop
      vertex -1.14261 0.621226 -0.337754
      vertex -0.337754 1.14261 -0.621226
      vertex -0.621226 0.337754 -1.14261
    endloop
  endfacet
  facet normal -0.798461 0.170663 -0.57735
    outer loop
      vertex -1.14261 -0.337754 -0.621226
      vertex -1.14261 0.621226 -0.337754
      vertex -0.621226 0.337754 -1.14261
    endloop
  endfacet
  facet normal -0.170663 0.57735 -0.798461
    outer loop
      vertex -0.621226 0.337754 -1.14261
      vertex -0.337754 1.14261 -0.621226
      vertex 0.337754 0.621226 -1.14261
    endloop
  endfacet
  facet normal -0.57735 -0.170663 -0.798461
    outer loop
      vertex -0.337754 -0.621226 -1.14261
      vertex -1.14261 -0.337754 -0.621226
      vertex -0.621226 0.337754 -1.14261
    endloop
  endfacet
  facet normal -0.57735 -0.57735 -0.57735
    outer loop
      vertex -0.621226 -1.14261 -0.337754
      vertex -1.14261 -0.337754 -0.621226
      vertex -0.337754 -0.621226 -1.14261
    endloop
  endfacet
  facet normal -0.170663 -0.798461 -0.57735
    outer loop
      vertex 0.337754 -1.14261 -0.621226
      vertex -0.621226 -1.14261 -0.337754
      vertex -0.337754 -0.621226 -1.14261
    endloop
  endfacet
  facet normal 0.170663 -0.57735 -0.798461
    outer loop
      vertex 0.621226 -0.337754 -1.14261
      vertex 0.337754 -1.14261 -0.621226
      vertex -0.337754 -0.621226 -1.14261
    endloop
  endfacet
  facet normal 0.57735 -0.57735 -0.57735
    outer loop
      vertex 1.14261 -0.621226 -0.337754
      vertex 0.337754 -1.14261 -0.621226
      vertex 0.621226 -0.337754 -1.14261
    endloop
  endfacet
  facet normal 0.798461 -0.170663 -0.57735
    outer loop
      vertex 1.14261 0.337754 -0.621226
      vertex 1.14261 -0.621226 -0.337754
      vertex 0.621226 -0.337754 -1.14261
    endloop
  endfacet
  facet normal 0.57735 0.170663 -0.798461
    outer loop
      vertex 0.337754 0.621226 -1.14261
      vertex 1.14261 0.337754 -0.621226
      vertex 0.621226 -0.337754 -1.14261
    endloop
  endfacet
endsolid OpenSCAD_Model
